22
16
17
28
18
22
21
16
17
25

29
17
23
26
15
14
22
25
23
15

16
21
20
27
20
17
23
21
19
12

17
24
27
27
29
18
17
22
21
24

18
22
21
11
30
19
17
22
21
11

20
11
22
23
27
23
14
23
22
17

17
17
25
21
19
22
18
25
24
25

11
22
18
21
16
22
21
19
33
19

16
21
14
18
21
17
21
20
18
23

17
22
20
15
25
10
13
26
18
20

22
19
16
17
24
21
26
26
16
23

15
20
19
20
13
29
25
15
23
24

17
22
22
23
22
28
17
14
17
17

17
18
20
19
21
24
25
19
23
19

24
21
13
17
18
20
20
25
18
15

18
20
21
21
25
18
30
18
18
16

27
28
14
20
20
14
20
28
23
20

24
22
22
22
18
24
17
14
14
14

16
13
15
20
23
20
15
17
17
24

26
23
15
23
18
24
19
15
20
26